9.961412142294742167e+06
9.961412479860324413e+06
9.961411741994747892e+06
9.961411828661795706e+06
9.961411704140510410e+06
9.961411550929298624e+06
9.961410136703226715e+06
9.961409752139812335e+06
9.961410156314594671e+06
9.961408240485182032e+06
9.961408410445794463e+06
9.961405192939765751e+06
9.961404670023987070e+06
9.961405032671416178e+06
9.961401094512583688e+06
9.961401295007988811e+06
9.961416837405936792e+06
9.961418701869018376e+06
9.961419554013002664e+06
9.961413332091154531e+06
9.961413400524247438e+06
9.961414332549491897e+06
9.961427332495685667e+06
9.961428165922945365e+06
9.961429785006633028e+06
9.961422036381414160e+06
9.961422774303404614e+06
9.961432232795124874e+06
9.961434666816951707e+06
9.961435199390152469e+06
9.961436628865234554e+06
9.961444579524237663e+06
9.961446053616158664e+06
9.961447210618192330e+06
9.961436594357704744e+06
9.961453985990308225e+06
9.961456108413996175e+06
9.961444011917887256e+06
9.961461614999461919e+06
9.961463553021259606e+06
9.961464949163809419e+06
9.961452329503731802e+06
9.961469398534402251e+06
9.961470531494239345e+06
9.961472561451096088e+06
9.961472112255923450e+06
9.961474339534481987e+06
9.961489210665190592e+06
9.961491946768410504e+06
9.961493885958304629e+06
9.961490044411757961e+06
9.961492021262632683e+06
9.961495048851883039e+06
9.961507252118371427e+06
9.961509040677085519e+06
9.961520174184093252e+06
9.961523849583683535e+06
9.961508046145727858e+06
9.961519037696331739e+06
9.961521576542414725e+06
9.961531480403825641e+06
9.961533877433443442e+06
9.961536521366663277e+06
9.961545321181138977e+06
9.961547713123582304e+06
9.961555254231430590e+06
9.961557362269934267e+06
9.961563604356190190e+06
9.961565402103889734e+06
9.961568223816296086e+06
9.961574154100820422e+06
9.961576647563973442e+06
9.961581212301939726e+06
9.961583355988750234e+06
9.961586521138690412e+06
9.961590710331803188e+06
9.961593594429066405e+06
9.961596692608926445e+06
9.961599259886201471e+06
9.961600954866537824e+06
9.961603195008430630e+06
9.961621992438102141e+06
9.961626556537140161e+06
9.961629599775010720e+06
9.961629544423326850e+06
9.961631633797837421e+06
9.961629744168307632e+06
9.961651735868427902e+06
9.961654796895869076e+06
9.961652700876252726e+06
9.961654500916529447e+06
9.961650216702515259e+06
9.961670810469020158e+06
9.961673709431622177e+06
9.961668154579455033e+06
9.961669697410628200e+06
9.961687560466121882e+06
9.961682010938154534e+06
9.961683166972881183e+06
9.961699569510275498e+06
9.961692635187162086e+06
9.961693365656370297e+06
9.961695390201210976e+06
9.961699810773590580e+06
9.961702428405489773e+06
9.961704121756289154e+06
9.961718831673432142e+06
9.961708009320028126e+06
9.961719993762278929e+06
9.961722568263169378e+06
9.961710047961601987e+06
9.961722432435665280e+06
9.961723988421916962e+06
9.961733715933544561e+06
9.961736261773310602e+06
9.961722297998351976e+06
9.961732262861680239e+06
9.961733281797148287e+06
9.961740752345133573e+06
9.961740295840041712e+06
9.961746468139495701e+06
9.961748740200582892e+06
9.961733053012704477e+06
9.961739292756214738e+06
9.961739531245661899e+06
9.961744451950877905e+06
9.961744327421264723e+06
9.961747895313289016e+06
9.961747401402276009e+06
9.961749190517539158e+06
9.961748180895663798e+06
9.961748459305739030e+06
9.961750034374643117e+06
9.961749857019634917e+06
9.961749935409622267e+06
9.961749089139878750e+06
9.961747737638274208e+06
9.961746571441004053e+06
9.961743789057895541e+06
9.961742332211149856e+06
9.961738128602590412e+06
9.961752684172121808e+06
9.961752335335770622e+06
9.961748078786714002e+06
9.961746231696713716e+06
9.961739635412035510e+06
9.961737758268862963e+06
9.961745030750434846e+06
9.961743138644693419e+06
9.961742535342779011e+06
9.961733225108189508e+06
9.961731037011124194e+06
9.961734667590247467e+06
9.961732693990293890e+06
9.961729966046890244e+06
9.961718082694835961e+06
9.961728676136100665e+06
9.961715953328324482e+06
9.961714097016595304e+06
9.961723203760769218e+06
9.961709012919168919e+06
9.961706569915734231e+06
9.961703626319959760e+06
9.961712587948013097e+06
9.961695662668937817e+06
9.961692482376415282e+06
9.961700060114899650e+06
9.961681608412750065e+06
9.961688090500395745e+06
9.961686027028482407e+06
9.961682515398129821e+06
9.961671434612303972e+06
9.961667618331830949e+06
9.961664257245585322e+06
9.961668357016500086e+06
9.961664603122331202e+06
9.961649977461418137e+06
9.961645838092219085e+06
9.961647249158367515e+06
9.961645151928314939e+06
9.961641533526731655e+06
9.961642211820894852e+06
9.961638173320064321e+06
9.961618904701450840e+06
9.961614475373206660e+06
9.961611305804124102e+06
9.961610435823062435e+06
9.961606918243404478e+06
9.961604684521641582e+06
9.961600853045821190e+06
9.961597479551114142e+06
9.961593767327396199e+06
9.961588991061372682e+06
9.961587324613731354e+06
9.961584312423286960e+06
9.961578700635582209e+06
9.961574774407219142e+06
9.961567889120707288e+06
9.961563824258079752e+06
9.961555697910336778e+06
9.961553954256953672e+06
9.961550923311255872e+06
9.961542716058375314e+06
9.961558066641407087e+06
9.961548618296526372e+06
9.961545440216554329e+06
9.961543204989621416e+06
9.961532448381481692e+06
9.961529052319368348e+06
9.961517246696397662e+06
9.961533229374345392e+06
9.961530959107793868e+06
9.961519081502977759e+06
9.961515494972446933e+06
9.961512925346210599e+06
9.961515854642273858e+06
9.961513530481906608e+06
9.961496284894222394e+06
9.961492702555472031e+06
9.961503681393463165e+06
9.961486638354165480e+06
9.961482607153991237e+06
9.961478331790259108e+06
9.961473736275171861e+06
9.961471071339931339e+06
9.961466532125469297e+06
9.961462781368635595e+06
9.961456443961467594e+06
9.961452523657146841e+06
9.961448635417951271e+06
9.961457126527085900e+06
9.961437500331478193e+06
9.961434171758349985e+06
9.961441476292101666e+06
9.961438966943524778e+06
9.961417096721487120e+06
9.961423838870076463e+06
9.961421314826583490e+06
9.961417841282241046e+06
9.961403879856774583e+06
9.961401837151598185e+06
9.961398810943659395e+06
9.961403460904855281e+06
9.961399858182743192e+06
9.961396939394580200e+06
9.961380195887338370e+06
9.961376986083513126e+06
9.961379685822766274e+06
9.961377923290055245e+06
9.961375085783902556e+06
9.961377018120774999e+06
9.961373888483637944e+06
9.961371404159775004e+06
9.961372673641851172e+06
9.961369917704364285e+06
9.961347940125377849e+06
9.961346508385661989e+06
9.961344162350144237e+06
9.961343519806716591e+06
9.961340936379713938e+06
9.961339028079783544e+06
9.961337794791189954e+06
9.961335666758932173e+06
9.961333178648021072e+06
9.961330850430378690e+06
9.961329183738982305e+06
9.961326114694798365e+06
9.961324261674188077e+06
9.961319957039421424e+06
9.961319394682072103e+06
9.961318009751413018e+06
9.961313117275094613e+06
9.961333495518548414e+06
9.961332549538860098e+06
9.961327014716388658e+06
9.961325915709165856e+06
9.961319156357554719e+06
9.961319191556999460e+06
9.961317977244418114e+06
9.961310132588038221e+06
9.961308846636639908e+06
9.961308156689666212e+06
9.961320427776962519e+06
9.961319659429855645e+06
9.961319441916590557e+06
9.961309779908968136e+06
9.961308860140157863e+06
9.961308538467036560e+06
9.961317843381203711e+06
9.961317498615752906e+06
9.961316955546738580e+06
9.961305496017798781e+06
9.961305009626947343e+06
9.961323424791155383e+06
9.961311421978814527e+06
9.961310692741265520e+06
9.961310557979691774e+06
9.961314417224923149e+06
9.961315471768479794e+06
9.961315099001713097e+06
9.961315331932025030e+06
9.961317303833559155e+06
9.961317678684635088e+06
9.961317638270989060e+06
9.961302205933919176e+06
9.961318239976018667e+06
9.961318987180311233e+06
9.961319278682040051e+06
9.961316765082433820e+06
9.961318245179465041e+06
9.961319247824959457e+06
9.961332601423790678e+06
9.961333865274557844e+06
9.961316251629317179e+06
9.961317604691464454e+06
9.961331153339421377e+06
9.961331694855418056e+06
9.961343327127974480e+06
9.961325544325470924e+06
9.961326647176666185e+06
9.961337806840667501e+06
9.961340222406201065e+06
9.961341202165035531e+06
9.961351125875929371e+06
9.961353298814741895e+06
9.961354772066218778e+06
9.961343443425653502e+06
9.961344789555463940e+06
9.961346819619221613e+06
9.961355761576287448e+06
9.961357666278863326e+06
9.961364846779942513e+06
9.961366041741440073e+06
9.961367860325416550e+06
9.961374449156561866e+06
9.961376057098709047e+06
9.961381418839786202e+06
9.961384317409873009e+06
9.961386347994349897e+06
9.961391111531790346e+06
9.961392899041131139e+06
9.961394790681002662e+06
9.961396321889825165e+06
9.961396913823926821e+06
9.961398176314340904e+06
9.961398503052109852e+06
9.961399491592548788e+06
9.961400104549109936e+06
9.961400823929045349e+06
9.961400115003846586e+06
9.961400304948031902e+06
9.961401254378227517e+06
9.961399852307861671e+06
9.961400572547262534e+06
9.961397867601754144e+06
9.961420815117325634e+06
9.961422023084945977e+06
9.961418707395583391e+06
9.961419684079848230e+06
9.961420868865489960e+06
9.961416574913373217e+06
9.961417581541966647e+06
9.961431584761720151e+06
9.961434021682962775e+06
9.961434897502256557e+06
9.961428179943082854e+06
9.961430623019710183e+06
9.961450579702870920e+06
9.961443354676807299e+06
9.961445608537999913e+06
9.961446973271153867e+06
9.961455816712308675e+06
9.961458690962150693e+06
9.961459784514555708e+06
9.961450035749435425e+06
9.961468812836194411e+06
9.961470689241601154e+06
9.961472226412827149e+06
9.961476807013811544e+06
9.961478440678128973e+06
9.961479602308806032e+06
9.961467711582716554e+06
9.961484331544872373e+06
9.961485165120396763e+06
9.961486787556951866e+06
9.961486950092600659e+06
9.961488734761063010e+06
9.961490073045548052e+06
9.961503824299938977e+06
9.961505194401130080e+06
9.961491264782443643e+06
9.961504878877058625e+06
9.961505988993698731e+06
9.961517371921701357e+06
9.961520052188038826e+06
9.961504568442497402e+06
9.961515655609020963e+06
9.961517388960612938e+06
9.961527406361069530e+06
9.961529929498618469e+06
9.961531488268278539e+06
9.961540165427003056e+06
9.961541500215657055e+06
9.961530438583724201e+06
9.961533536521466449e+06
9.961535523144004866e+06
9.961542614516571164e+06
9.961544340910693631e+06
9.961550166752619669e+06
9.961551606798870489e+06
9.961554051898842677e+06
9.961559582514420152e+06
9.961561728963999078e+06
9.961565936368836090e+06
9.961567761446250603e+06
9.961570610901173204e+06
9.961572099290139973e+06
9.961574611713180318e+06
9.961577099165720865e+06
9.961579256573643535e+06
9.961580326895106584e+06
9.961582121419969946e+06
9.961600278345689178e+06
9.961604015272039920e+06
9.961606400138970464e+06
9.961605524725090712e+06
9.961607527987666428e+06
9.961604876035090536e+06
9.961606080596745014e+06
9.961608306170519441e+06
9.961622608850305900e+06
9.961624512967288494e+06
9.961619989217923954e+06
9.961620745342966169e+06
9.961622552646033466e+06
9.961633172914063558e+06
9.961634763114407659e+06
9.961626777673559263e+06
9.961629455383149907e+06
9.961645962563898414e+06
9.961637805939331651e+06
9.961640099852651358e+06
9.961641245633374900e+06
9.961645679254874587e+06
9.961648953666700050e+06
9.961649654695410281e+06
9.961651443316992372e+06
9.961654327509181574e+06
9.961654566168259829e+06
9.961653665487036109e+06
9.961656088122943416e+06
9.961653636759618297e+06
9.961663015662282705e+06
9.961647943192152306e+06
9.961646703491767868e+06
9.961654824998132885e+06
9.961652051022296771e+06
9.961634369838424027e+06
9.961642593339957297e+06
9.961639897278286517e+06
9.961645718851856887e+06
9.961645332432068884e+06
9.961626150260969996e+06
9.961631872162433341e+06
9.961629746052505448e+06
9.961633468014040962e+06
9.961630456972736865e+06
9.961628607057362795e+06
9.961632101462457329e+06
9.961629878629611805e+06
9.961613478391276672e+06
9.961610895159911364e+06
9.961611653942376375e+06
9.961608724023627117e+06
9.961607080570518970e+06
9.961607763005560264e+06
9.961605803163839504e+06
9.961605135896040127e+06
9.961602882381496951e+06
9.961600869968621060e+06
9.961598352197838947e+06
9.961595006075445563e+06
9.961595005759207532e+06
9.961593494491385296e+06
9.961590068670265377e+06
9.961588331212796271e+06
9.961602084212698042e+06
9.961600145423684269e+06
9.961594062338821590e+06
9.961594312044689432e+06
9.961593266496036202e+06
9.961586083166234195e+06
9.961583913476549089e+06
9.961575557439876720e+06
9.961593031022315845e+06
9.961591965596675873e+06
9.961583526110863313e+06
9.961581083185678348e+06
9.961570300396429375e+06
9.961586319923399016e+06
9.961585143962090835e+06
9.961572907892454416e+06
9.961572481590291485e+06
9.961586174012940377e+06
9.961574210146896541e+06
9.961573364129582420e+06
9.961571760354949161e+06
9.961572367467874661e+06
9.961572952343987301e+06
9.961571016530655324e+06
9.961569057434368879e+06
9.961569311032555997e+06
9.961567094482138753e+06
9.961565946154225618e+06
9.961562513485783711e+06
9.961561432909727097e+06
9.961560119728278369e+06
9.961570405047589913e+06
9.961552845378989354e+06
9.961562090767754242e+06
9.961561699630839750e+06
9.961560173522472382e+06
9.961550792005898431e+06
9.961549070766083896e+06
9.961548507116192952e+06
9.961555439124045894e+06
9.961553806448800489e+06
9.961559483301943168e+06
9.961539070229932666e+06
9.961538246802749112e+06
9.961543738708807155e+06
9.961542657109884545e+06
9.961546910984162241e+06
9.961545260393202305e+06
9.961544584112187847e+06
9.961548011881694198e+06
9.961547012214327231e+06
9.961549103287102655e+06
9.961547781748207286e+06
9.961548526909967884e+06
9.961546892913635820e+06
9.961546289128318429e+06
9.961546715833012015e+06
9.961545811690013856e+06
9.961544888885745779e+06
9.961543698529474437e+06
9.961541427409287542e+06
9.961542247184263542e+06
9.961541778872042894e+06
9.961539155392263085e+06
9.961538421588808298e+06
9.961533975814010948e+06
9.961532405291546136e+06
9.961531929149229079e+06
9.961527325964549556e+06
9.961526696584343910e+06
9.961539293647477403e+06
9.961538530109550804e+06
9.961538709581458941e+06
9.961531685177175328e+06
9.961530845412289724e+06
9.961522655456680804e+06
9.961541226841997355e+06
9.961541388861468062e+06
9.961531908078908920e+06
9.961530927041053772e+06
9.961530963098328561e+06
9.961537603669801727e+06
9.961537720093233511e+06
9.961537415370667353e+06
9.961526520668141544e+06
9.961541458069516346e+06
9.961540794719824567e+06
9.961528458050491288e+06
9.961542074559209868e+06
9.961542745691997930e+06
9.961528857375254855e+06
9.961542718727020547e+06
9.961543190300548449e+06
9.961542849241331220e+06
9.961540224056605250e+06
9.961542019455466419e+06
9.961541458781335503e+06
9.961552501933066174e+06
9.961537804096316919e+06
9.961538309722233564e+06
9.961548105389965698e+06
9.961547326307080686e+06
9.961547598262313753e+06
9.961540011727390811e+06
9.961540184992201626e+06
9.961548861906837672e+06
9.961550173649929464e+06
9.961550338444121182e+06
9.961557815749645233e+06
9.961539258503710851e+06
9.961545513812974095e+06
9.961547641765384004e+06
9.961548468491004780e+06
9.961554632036920637e+06
9.961554726932840422e+06
9.961558926567107439e+06
9.961558697148723528e+06
9.961559472741400823e+06
9.961563339074542746e+06
9.961563792464448139e+06
9.961566311791451648e+06
9.961566435701178387e+06
9.961567588561067358e+06
9.961567383462078869e+06
9.961568202406257391e+06
9.961569000405361876e+06
9.961569487425427884e+06
9.961568890712860972e+06
9.961569052271181718e+06
9.961566805247781798e+06
9.961566253429105505e+06
9.961566862792469561e+06
9.961564454377850518e+06
9.961564825947048143e+06
9.961579567227400839e+06
9.961579721107279882e+06
9.961580896101608872e+06
9.961576173118460923e+06
9.961576375845072791e+06
9.961570386773403734e+06
9.961587830084798858e+06
9.961588991458166391e+06
9.961582771614294499e+06
9.961582647240499035e+06
9.961574175724316388e+06
9.961592515806214884e+06
9.961593526588920504e+06
9.961583665345810354e+06
9.961585614198505878e+06
9.961601527244191617e+06
9.961591774195572361e+06
9.961593321430705488e+06
9.961607841091271490e+06
9.961596735458826646e+06
9.961597824226323515e+06
9.961598143132995814e+06
9.961612356545653194e+06
9.961599049362918362e+06
9.961599089212452993e+06
9.961611885048504919e+06
9.961596987020771950e+06
9.961608937558569014e+06
9.961609835788071156e+06
9.961609667055366561e+06
9.961603955262038857e+06
9.961603723608905450e+06
9.961604780068542808e+06
9.961614100138405338e+06
9.961613756810357794e+06
9.961621934035521001e+06
9.961606541832761839e+06
9.961607193875864148e+06
9.961615396603055298e+06
9.961615005088550970e+06
9.961620941851155832e+06
9.961620225311575457e+06
9.961620670197032392e+06
9.961626459278495982e+06
9.961608063667617738e+06
9.961612535000432283e+06
9.961612340232359245e+06
9.961615485717261210e+06
9.961614961467368528e+06
9.961616760620279238e+06
9.961618803652554750e+06
9.961619242053100839e+06
9.961620969892138615e+06
9.961621081993607804e+06
9.961621431505663320e+06
9.961621223048884422e+06
9.961620182117477059e+06
9.961619666431365535e+06
9.961620368036633357e+06
9.961637674703348428e+06
9.961638058378599584e+06
9.961635408243613318e+06
9.961635490529274568e+06
9.961630780250914395e+06
9.961629812609111890e+06
9.961630109527664259e+06
9.961625375118119642e+06
9.961642853514799848e+06
9.961636763509297743e+06
9.961635483385423198e+06
9.961635491374319419e+06
9.961628356678493321e+06
9.961644551564373076e+06
9.961636178544191644e+06
9.961637162642082199e+06
9.961636940334012732e+06
9.961642389838634059e+06
9.961642318907901645e+06
9.961641645453570411e+06
9.961630557954045013e+06
9.961644147531002760e+06
9.961643015208881348e+06
9.961630376918561757e+06
9.961644620826737955e+06
9.961643156070286408e+06
9.961629051440009847e+06
9.961641818582024425e+06
9.961640078144757077e+06
9.961639563451362774e+06
9.961635812933636829e+06
9.961635349355677143e+06
9.961644181321235374e+06
9.961644646484857425e+06
9.961627657884636894e+06
9.961636573566708714e+06
9.961635660292489454e+06
9.961634919662198052e+06
9.961642696299251169e+06
9.961641702966522425e+06
9.961630906847367063e+06
9.961629652282020077e+06
9.961634997077763081e+06
9.961635482656795532e+06
9.961634528575450182e+06
9.961638918486947194e+06
9.961637602660849690e+06
9.961640638840993866e+06
9.961620430640196428e+06
9.961622099021298811e+06
9.961622941065184772e+06
9.961622184534965083e+06
9.961623753718553111e+06
9.961622659488532692e+06
9.961622857701962814e+06
9.961621439463585615e+06
9.961620262243403122e+06
9.961618541406057775e+06
9.961618080308919773e+06
9.961616790807820857e+06
9.961634559584004804e+06
9.961631869284907356e+06
9.961630827476723120e+06
9.961626757430842146e+06
9.961625467280661687e+06
9.961625271670976654e+06
9.961620266758538783e+06
9.961619025146957487e+06
9.961612757732145488e+06
9.961628776585537940e+06
9.961621233239999041e+06
9.961622213654946536e+06
9.961620647892612964e+06
9.961611945237444714e+06
9.961626672821821645e+06
9.961626351606708020e+06
9.961617665301216766e+06
9.961615843495542184e+06
9.961604664885098115e+06
9.961620330256696790e+06
9.961619933652378619e+06
9.961607240484256297e+06
9.961607510415630415e+06
9.961620814145166427e+06
9.961606599903535098e+06
9.961606476542348042e+06
9.961618454166511074e+06
9.961602744817415252e+06
9.961602226364646107e+06
9.961612905712174252e+06
9.961610791984213516e+06
9.961594867817541584e+06
9.961605789818264544e+06
9.961603543914293870e+06
9.961602445945058018e+06
9.961595815033111721e+06
9.961594621216958389e+06
9.961601904813239351e+06
9.961601813443373889e+06
9.961600451058711857e+06
9.961590259426102042e+06
9.961588668696848676e+06
9.961594631015116349e+06
9.961594569489298388e+06
9.961593174418514594e+06
9.961598111102696508e+06
9.961596392473036423e+06
9.961581501058636233e+06
9.961579461493289098e+06
9.961578638936344534e+06
9.961582163244852796e+06
9.961581044128017500e+06
9.961583270849425346e+06
9.961581860702846199e+06
9.961582590435968712e+06
9.961580896585503593e+06
9.961580235102571547e+06
9.961580597986845300e+06
9.961579590746626258e+06
9.961578558712778613e+06
9.961577221490787342e+06
9.961574523870572448e+06
9.961572444886142388e+06
9.961571574704054743e+06
9.961568784060774371e+06
9.961567698914401233e+06
9.961563592600584030e+06
9.961562315897388384e+06
9.961575400568330660e+06
9.961576299264779314e+06
9.961575906034611166e+06
9.961569451668387279e+06
9.961568004365153611e+06
9.961560363441603258e+06
9.961561216864906251e+06
9.961578186162125319e+06
9.961570441137457266e+06
9.961568755720365793e+06
9.961568210731506348e+06
9.961559317407259718e+06
9.961575032422177494e+06
9.961565003147702664e+06
9.961565255073787645e+06
9.961564557404009625e+06
9.961568274849466980e+06
9.961569701675843447e+06
9.961568659674800932e+06
9.961569824603645131e+06
9.961570960435954854e+06
9.961569591750603169e+06
9.961569311439789832e+06
9.961569002736337483e+06
9.961567347914569080e+06
9.961566754721861333e+06
9.961563871075281873e+06
9.961563382497375831e+06
9.961562608379017562e+06
9.961573299015646800e+06
9.961556158566068858e+06
9.961565827974099666e+06
9.961565828336196020e+06
9.961564709096860141e+06
9.961573069224685431e+06
9.961554432784594595e+06
9.961554287376981229e+06
9.961562646008135751e+06
9.961561513472007588e+06
9.961567693807097152e+06
9.961566285088833421e+06
9.961547470404500142e+06
9.961553468636980280e+06
9.961552897943718359e+06
9.961557664400078356e+06
9.961556835300395265e+06
9.961556739037988707e+06
9.961560747867142782e+06
9.961560326094565913e+06
9.961562995374469087e+06
9.961561200715186074e+06
9.961562514747394249e+06
9.961561437037803233e+06
9.961561389766497537e+06
9.961562371699903160e+06
9.961562005572311580e+06
9.961561618910778314e+06
9.961560943365735933e+06
9.961559184656571597e+06
9.961558215957440436e+06
9.961558221859578043e+06
9.961555804097756743e+06
9.961555103532711044e+06
9.961551386057479307e+06
9.961550505654631183e+06
9.961550719828469679e+06
9.961565301937468350e+06
9.961565324911143631e+06
9.961560074677463621e+06
9.961558959666939452e+06
9.961559002612287179e+06
9.961552700656827539e+06
9.961569873517744243e+06
9.961562329829802737e+06
9.961562119616331533e+06
9.961561693967035040e+06
9.961552915184738114e+06
9.961568756215970963e+06
9.961569440598553047e+06
9.961559236930420622e+06
9.961558677530908957e+06
9.961574220558267087e+06
9.961564095186071470e+06
9.961563201545581222e+06
9.961563396432455629e+06
9.961565791394788772e+06
9.961564578142391518e+06
9.961564453434102237e+06
9.961564293038494885e+06
9.961566338444728404e+06
9.961565914463449270e+06
9.961578238021977246e+06
9.961564892914433032e+06
9.961565705745451152e+06
9.961576709226682782e+06
9.961576073914811015e+06
9.961560403465552256e+06
9.961571526979550719e+06
9.961570804261678830e+06
9.961579548062974587e+06
9.961580912139521912e+06
9.961563769348625094e+06
9.961572446877762675e+06
9.961572492181178182e+06
9.961579066332308576e+06
9.961580366168206558e+06
9.961578317240091041e+06
9.961584673989456147e+06
9.961565935328336433e+06
9.961571020331021398e+06
9.961570502429302782e+06
9.961571193476963788e+06
9.961576216678239405e+06
9.961576640512928367e+06
9.961580394821034744e+06
9.961580541792690754e+06
9.961582652519056574e+06
9.961582350909084082e+06
9.961585159171389416e+06
9.961586898843018338e+06
9.961587219091512263e+06
9.961587767756018788e+06
9.961587811345875263e+06
9.961587013901744038e+06
9.961586789880661294e+06
9.961587774847831577e+06
9.961586832879776135e+06
9.961587535230472684e+06
9.961603717751605436e+06
9.961604147256901488e+06
9.961600420539744198e+06
9.961603018847893924e+06
9.961603512546936050e+06
9.961598966989569366e+06
9.961599312012787908e+06
9.961610785734275356e+06
9.961613422615906224e+06
9.961613640506051481e+06
9.961606707909256220e+06
9.961606929498218000e+06
9.961624481327552348e+06
9.961617461826154962e+06
9.961617382139682770e+06
9.961607933515392244e+06
9.961625316197475418e+06
9.961626528241844848e+06
9.961615591293659061e+06
9.961631513359475881e+06
9.961632514055186883e+06
9.961620047045528889e+06
9.961621659771082923e+06
9.961635220045803115e+06
9.961635126983340830e+06
9.961622226437915117e+06
9.961636193199899048e+06
9.961635648447565734e+06
9.961646931703492999e+06
9.961633767836282030e+06
9.961634589198555797e+06
9.961644585756806657e+06
9.961643815092604607e+06
9.961628139906747267e+06
9.961638364626193419e+06
9.961637579881878570e+06
9.961645311028515920e+06
9.961644271757433191e+06
9.961627148058498278e+06
9.961634923836927861e+06
9.961634934069173411e+06
9.961641542673615739e+06
9.961640621321562678e+06
9.961645043123187497e+06
9.961647481406457722e+06
9.961647379258964211e+06
9.961651628942795098e+06
9.961651173897985369e+06
9.961654066523721442e+06
9.961634719517432153e+06
9.961636239446934313e+06
9.961635082768252119e+06
9.961635221650587395e+06
9.961636652872517705e+06
9.961636448323911056e+06
9.961636484708763659e+06
9.961654480398299173e+06
9.961653099690893665e+06
9.961652237258959562e+06
9.961649450510025024e+06
9.961651020934497938e+06
9.961651052909836173e+06
9.961647559894278646e+06
9.961646633046129718e+06
9.961641654357705265e+06
9.961640420823888853e+06
9.961651500788442791e+06
9.961652771727839485e+06
9.961652618862647563e+06
9.961645167494889349e+06
9.961643723880067468e+06
9.961635134520556778e+06
9.961652440316101536e+06
9.961652265677526593e+06
9.961642273481717333e+06
9.961640681778484955e+06
9.961655367687329650e+06
9.961645595693722367e+06
9.961643600123656914e+06
9.961642871628800407e+06
9.961645635561052710e+06
9.961643262775273994e+06
9.961642174356123433e+06
9.961642368888011202e+06
9.961641829056682065e+06
9.961640309036580846e+06
9.961637827914711088e+06
9.961638841664874926e+06
9.961637050412846729e+06
9.961632021717924625e+06
9.961632665458347648e+06
9.961630675923766568e+06
9.961639338743343949e+06
9.961637158459605649e+06
9.961620064367866144e+06
9.961628869600433856e+06
9.961626756513113156e+06
9.961633157546833158e+06
9.961630742102943361e+06
9.961612231402939186e+06
9.961618620040105656e+06
9.961617207772683352e+06
9.961621572692854330e+06
9.961619240140924230e+06
9.961622248746389523e+06
9.961622222399435937e+06
9.961602176577946171e+06
9.961604994422668591e+06
9.961603129957146943e+06
9.961604602776199579e+06
9.961602406133053824e+06
9.961602530260886997e+06
9.961600021911321208e+06
9.961598800021018833e+06
9.961598865297177806e+06
9.961597353423608467e+06
9.961596077043261379e+06
9.961594296920735389e+06
9.961591682742988691e+06
9.961589661655051634e+06
9.961588849369460717e+06
9.961586116838183254e+06
9.961585065140593797e+06
9.961599503811473027e+06
9.961598237360244617e+06
9.961592821289904416e+06
9.961591369036214426e+06
9.961590021405108273e+06
9.961583640206068754e+06
9.961582244762971997e+06
9.961591989979233593e+06
9.961590563941344619e+06
9.961590182445425540e+06
9.961581284502973780e+06
9.961579680148627609e+06
9.961569727872285992e+06
9.961586577486649156e+06
9.961586187437474728e+06
9.961574812583448365e+06
9.961575239435745403e+06
9.961589737057717517e+06
9.961578569099310786e+06
9.961576595438983291e+06
9.961575562076432630e+06
9.961576743589641526e+06
9.961576086258426309e+06
9.961574817890124395e+06
9.961573529040798545e+06
9.961572462583316490e+06
9.961570992758581415e+06
9.961582282653713599e+06
9.961565812972024083e+06
9.961565608638104051e+06
9.961575687817336991e+06
9.961574069842774421e+06
9.961557425395818427e+06
9.961567592147937045e+06
9.961565950186345726e+06
9.961573789025221020e+06
9.961574253425003961e+06
9.961556170768460259e+06
9.961563926663782448e+06
9.961563015974279493e+06
9.961561412723599002e+06
9.961568164809480309e+06
9.961567347629643977e+06
9.961554348978582770e+06
9.961553257601631805e+06
9.961557503551099449e+06
9.961558736393595114e+06
9.961558562325771898e+06
9.961562736288702115e+06
9.961562035630017519e+06
9.961564426262931898e+06
9.961563392138004303e+06
9.961563382312314585e+06
9.961565438921190798e+06
9.961565103685628623e+06
9.961565797767207026e+06
9.961565141762163490e+06
9.961564465030254796e+06
9.961563500276394188e+06
9.961563540904749185e+06
9.961562497852897272e+06
9.961561663660977036e+06
9.961558905102055520e+06
9.961557875573309138e+06
9.961553820409625769e+06
9.961555093419393525e+06
9.961573526741627604e+06
9.961569295531088486e+06
9.961569026432076469e+06
9.961563476078249514e+06
9.961564557076042518e+06
9.961564320929314941e+06
9.961557884800603613e+06
9.961574925615413114e+06
9.961567247657796368e+06
9.961569038932165131e+06
9.961568516615103930e+06
9.961559639018557966e+06
9.961575381190238521e+06
9.961575967016646639e+06
9.961565647514438257e+06
9.961564973259879276e+06
9.961580402755608782e+06
9.961570161329429597e+06
9.961569139453865588e+06
9.961569206346344203e+06
9.961571471416577697e+06
9.961571993530003354e+06
9.961571822430126369e+06
9.961571613472377881e+06
9.961571713115962222e+06
9.961571316470146179e+06
9.961583667299738154e+06
9.961568329833254218e+06
9.961569246832078323e+06
9.961578255315102637e+06
9.961577715920468792e+06
9.961562145469350740e+06
9.961573359359389171e+06
9.961573975127223879e+06
9.961582910592528060e+06
9.961584469424922019e+06
9.961567531031295657e+06
9.961576403458289802e+06
9.961576649456592277e+06
9.961584433305297047e+06
9.961586023224273697e+06
9.961586354831937701e+06
9.961593004060918465e+06
9.961595153219725937e+06
9.961582020892931148e+06
9.961581789886096492e+06
9.961585891108555719e+06
9.961588071849977598e+06
9.961588775628294796e+06
9.961592809631604701e+06
9.961593226336363703e+06
9.961595956355191767e+06
9.961596080071033910e+06
9.961597483299536631e+06
9.961600173195337877e+06
9.961601285057116300e+06
9.961602624767588452e+06
9.961603433108782396e+06
9.961603399987852201e+06
9.961603907236671075e+06
9.961602487287934870e+06
9.961623926411096007e+06
9.961625320409048349e+06
9.961623673196177930e+06
9.961624752052551135e+06
9.961621163372009993e+06
9.961621294724944979e+06
9.961622681765481830e+06
9.961636378046749160e+06
9.961637552289387211e+06
9.961632506595475599e+06
9.961632357198784128e+06
9.961633486782690510e+06
9.961627466170478612e+06
9.961644715849682689e+06
9.961637394681168720e+06
9.961639548385804519e+06
9.961640262671550736e+06
9.961646648173892871e+06
9.961648278104620054e+06
9.961648767765430734e+06
9.961652752262467518e+06
9.961655785252811387e+06
9.961655905830020085e+06
9.961657311966150999e+06
9.961660011418174952e+06
9.961659768842155114e+06
9.961672508155968040e+06
9.961660870249753818e+06
9.961660298030000180e+06
9.961671554114203900e+06
9.961658363356392831e+06
9.961659125585947186e+06
9.961669051520295441e+06
9.961668176236903295e+06
9.961668588803308085e+06
9.961663556611239910e+06
9.961663882818983868e+06
9.961671601536182687e+06
9.961670515666259453e+06
9.961676996591920033e+06
9.961678433165369555e+06
9.961660987717946991e+06
9.961667515388652682e+06
9.961667171610621735e+06
9.961672471220212057e+06
9.961671318779645488e+06
9.961674518650313839e+06
9.961675795648038387e+06
9.961675477905426174e+06
9.961678508311780170e+06
9.961677801674377173e+06
9.961679423899959773e+06
9.961678332046255469e+06
9.961678532602448016e+06
9.961676905282141641e+06
9.961675506765343249e+06
9.961673530257998034e+06
9.961672804769124836e+06
9.961671235756536946e+06
9.961670170084342360e+06
9.961667171994347125e+06
9.961665793634273112e+06
9.961660700423298404e+06
9.961658214675826952e+06
9.961651847181541845e+06
9.961652074630528688e+06
9.961668160801742226e+06
9.961661820963708684e+06
9.961660409136872739e+06
9.961651555351583287e+06
9.961648774425456300e+06
9.961647272220730782e+06
9.961654814908001572e+06
9.961653373641479760e+06
9.961641985683443025e+06
9.961641502465175465e+06
9.961654965305062011e+06
9.961643970161488280e+06
9.961640733746482059e+06
9.961638764237139374e+06
9.961640287246335298e+06
9.961638763918809593e+06
9.961636338847357780e+06
9.961622403664287180e+06
9.961633437309240922e+06
9.961630610206805170e+06
9.961615138642750680e+06
9.961626532511105761e+06
9.961623488703146577e+06
9.961621662032373250e+06
9.961616597990386188e+06
9.961614756647868082e+06
9.961612845187291503e+06
9.961621585750386119e+06
9.961603321584550664e+06
9.961610956424063072e+06
9.961607773311074823e+06
9.961605740220123902e+06
9.961594870723737404e+06
9.961592574393967167e+06
9.961597822442676872e+06
9.961598035806879401e+06
9.961596091752655804e+06
9.961600472545793280e+06
9.961598187310550362e+06
9.961582722311226651e+06
9.961580103621395305e+06
9.961578693616131321e+06
9.961581622496908531e+06
9.961579907981900498e+06
9.961581530965825543e+06
9.961579523385960609e+06
9.961579709610518068e+06
9.961577482964755967e+06
9.961576280065219849e+06
9.961576102002752945e+06
9.961574564862165600e+06
9.961573003576604649e+06
9.961571152797080576e+06
9.961567887470377609e+06
9.961565264801418409e+06
9.961563850953578949e+06
9.961560517414221540e+06
9.961558917461248115e+06
9.961554297134129331e+06
9.961552537515573204e+06
9.961565140378151089e+06
9.961565557332094759e+06
9.961564715405562893e+06
9.961558599470842630e+06
9.961556583494201303e+06
9.961548374731600285e+06
9.961548660392891616e+06
9.961565108060201630e+06
9.961556705152161419e+06
9.961555678114695475e+06
9.961554370493285358e+06
9.961544722782595083e+06
9.961559749197022989e+06
9.961549038200927898e+06
9.961548553405566141e+06
9.961547191647706553e+06
9.961550253694688901e+06
9.961551032031366602e+06
9.961549365300444886e+06
9.961536025660349056e+06
9.961550437742467970e+06
9.961550254883114249e+06
9.961549327549260110e+06
9.961548380656629801e+06
9.961548002450462431e+06
9.961546749287124723e+06
9.961543213962785900e+06
9.961544099420748651e+06
9.961542656326234341e+06
9.961551779106568545e+06
9.961536205859588459e+06
9.961535783265873790e+06
9.961544743352366611e+06
9.961545163541864604e+06
9.961544510853856802e+06
9.961536001747053117e+06
9.961535214025417343e+06
9.961535584282290190e+06
9.961543381873948500e+06
9.961542666829960421e+06
9.961549266069017351e+06
9.961529816028663889e+06
9.961529952758347616e+06
9.961536408054171130e+06
9.961536333995802328e+06
9.961541598135976121e+06
9.961540898468855768e+06
9.961544304861657321e+06
9.961545556587889791e+06
9.961545401074642316e+06
9.961548331278091297e+06
9.961547868114957586e+06
9.961549465444153175e+06
9.961548696063179523e+06
9.961548951018067077e+06
9.961550229112982750e+06
9.961550181710207835e+06
9.961550107258206233e+06
9.961549763524817303e+06
9.961548329783050343e+06
9.961549980910466984e+06
9.961550335956495255e+06
9.961548525953274220e+06
9.961548087459107861e+06
9.961544622820379212e+06
9.961544005634387955e+06
9.961544476273223758e+06
9.961559310591362417e+06
9.961559593484183773e+06
9.961554594152260572e+06
9.961554691687261686e+06
9.961554898452531546e+06
9.961548904182339087e+06
9.961549040563665330e+06
9.961559126863945276e+06
9.961561352205289528e+06
9.961561301431672648e+06
9.961552894025819376e+06
9.961569089632792398e+06
9.961570128894487396e+06
9.961560311857732013e+06
9.961560114248860627e+06
9.961573934330431744e+06
9.961564175097564235e+06
9.961563648477485403e+06
9.961564210571518168e+06
9.961566969971340150e+06
9.961566120283156633e+06
9.961566359309084713e+06
9.961566560085516423e+06
9.961568966417258605e+06
9.961568895859276876e+06
9.961581569481668994e+06
9.961568579979777336e+06
9.961569766260867938e+06
9.961581103330606595e+06
9.961580823483809829e+06
9.961565510727889836e+06
9.961576982547778636e+06
9.961577870655737817e+06
9.961587050925400108e+06
9.961588854562152177e+06
9.961574249344354495e+06
9.961583375062085688e+06
9.961583880739919841e+06
9.961591926042804495e+06
9.961593746856255457e+06
9.961594314599012956e+06
9.961601201220974326e+06
9.961601501803545281e+06
9.961588608108980581e+06
9.961588616771427915e+06
9.961589834463046864e+06
9.961595383811673149e+06
9.961596325286962092e+06
9.961600596325485036e+06
9.961601246191658080e+06
9.961604208654833958e+06
9.961604558479757980e+06
9.961606187067018822e+06
9.961609102321580052e+06
9.961610430912859738e+06
9.961611986592259258e+06
9.961613000264514238e+06
9.961613171725902706e+06
9.961613871288282797e+06
9.961631163659226149e+06
9.961634273045707494e+06
9.961635845494179055e+06
9.961634375937383622e+06
9.961635618242492899e+06
9.961632210561674088e+06
9.961632505358953029e+06
9.961633897930016741e+06
9.961647607699185610e+06
9.961648782755184919e+06
9.961643744902126491e+06
9.961643573977734894e+06
9.961644690996516496e+06
9.961654855179095641e+06
9.961655896273693070e+06
9.961647248260816559e+06
9.961649513638986275e+06
9.961665542056905106e+06
9.961657119095094502e+06
9.961659022996969521e+06
9.961659757010001689e+06
9.961663985127715394e+06
9.961667261738732457e+06
9.961667609119048342e+06
9.961669241404371336e+06
9.961672167005589232e+06
9.961672129035696387e+06
9.961686114202735946e+06
9.961674673450203612e+06
9.961674276022106409e+06
9.961685707740379497e+06
9.961670268477205187e+06
9.961671295843314379e+06
9.961681455423299223e+06
9.961680814952906221e+06
9.961689903769338503e+06
9.961672890906985849e+06
9.961673532042879611e+06
9.961681528332985938e+06
9.961680722666548565e+06
9.961687483265627176e+06
9.961686373648175970e+06
9.961674494943380356e+06
9.961676117936840281e+06
9.961676109823875129e+06
9.961681744737233967e+06
9.961680727307353169e+06
9.961684053615141660e+06
9.961682622226050124e+06
9.961684530028840527e+06
9.961682688547478989e+06
9.961682124527052045e+06
9.961683880218317732e+06
9.961682923486659303e+06
9.961683249999122694e+06
9.961681912716614082e+06
9.961680804250910878e+06
9.961679108029132709e+06
9.961676568394538015e+06
9.961674543076286092e+06
9.961670585533909500e+06
9.961670976669671014e+06
9.961669050326796249e+06
9.961664384342471138e+06
9.961662306750342250e+06
9.961656347707277164e+06
9.961654151061529294e+06
9.961664267917023972e+06
9.961664575534654781e+06
9.961663484796494246e+06
9.961654990590402856e+06
9.961652545707082376e+06
9.961659145541477948e+06
9.961659253221796826e+06
9.961658123972142115e+06
9.961647081026427448e+06
9.961644500530892983e+06
9.961658197132615373e+06
9.961647436396628618e+06
9.961644435383722186e+06
9.961631017458371818e+06
9.961644463402075693e+06
9.961643153907617554e+06
9.961628166793994606e+06
9.961640054278612137e+06
9.961638498697990552e+06
9.961621983941176906e+06
9.961632334393411875e+06
9.961630567751899362e+06
9.961627632139375433e+06
9.961621459787899628e+06
9.961620959752891213e+06
9.961617892492538318e+06
9.961625477469885722e+06
9.961608496078819036e+06
9.961606412988064811e+06
9.961612883609902114e+06
9.961609565942520276e+06
9.961614762493275106e+06
9.961596393291490152e+06
9.961593959665136412e+06
9.961598287472354248e+06
9.961594934954324737e+06
9.961597907597312704e+06
9.961596729338267818e+06
9.961575616112355143e+06
9.961578343122221529e+06
9.961575408268883824e+06
9.961576812721120194e+06
9.961573562029000372e+06
9.961571438101572916e+06
9.961572399747259915e+06
9.961569921293055639e+06
9.961569504365827888e+06
9.961566691033182666e+06
9.961564903107980266e+06
9.961564138947788626e+06
9.961562037597794086e+06
9.961559912702130154e+06
9.961557524980174378e+06
9.961554051877601072e+06
9.961551408964410424e+06
9.961546606612430885e+06
9.961545902813293040e+06
9.961543987126726657e+06
9.961538230216793716e+06
9.961535241824401543e+06
9.961528128005340695e+06
9.961527330458221957e+06
9.961525342797480524e+06
9.961536584018461406e+06
9.961534529729746282e+06
9.961526076026326045e+06
9.961525909655150026e+06
9.961523624490315095e+06
9.961513990534801036e+06
9.961529114812020212e+06
9.961518389905394986e+06
9.961518100875068456e+06
9.961515610823448747e+06
9.961503583262410015e+06
9.961519273473242298e+06
9.961518002320032567e+06
9.961504547316964716e+06
9.961503818149082363e+06
9.961517397876206785e+06
9.961504128288071603e+06
9.961501989517174661e+06
9.961500335184315220e+06
9.961499623612642288e+06
9.961499851576235145e+06
9.961497928943254054e+06
9.961496935005884618e+06
9.961494630314061418e+06
9.961493756097460166e+06
9.961492594539672136e+06
9.961503991700867191e+06
9.961486681599972770e+06
9.961486527540471405e+06
9.961496723552234471e+06
9.961495402035517618e+06
9.961477744359670207e+06
9.961487775641195476e+06
9.961487333030071110e+06
9.961495346703363582e+06
9.961495824931286275e+06
9.961495273060785607e+06
9.961484404648223892e+06
9.961483541845699772e+06
9.961483693586044014e+06
9.961490342003425583e+06
9.961489641656896099e+06
9.961495047165364027e+06
9.961494088546644896e+06
9.961474410923046991e+06
9.961479462805900723e+06
9.961479177101418376e+06
9.961482980987496674e+06
9.961482443250715733e+06
9.961482904292585328e+06
9.961486443995568901e+06
9.961486660547195002e+06
9.961488934070771560e+06
9.961488902460591868e+06
9.961489894023450091e+06
9.961491909593660384e+06
9.961492650965292007e+06
9.961493368901822716e+06
9.961493857252446935e+06
9.961493262784468010e+06
9.961493501748174429e+06
9.961494709396265447e+06
9.961493762759456411e+06
9.961514372928503901e+06
9.961512080145891756e+06
9.961512783113338053e+06
9.961514367316145450e+06
9.961511274777119979e+06
9.961512143512153998e+06
9.961507750323263928e+06
9.961529125017218292e+06
9.961530807757569477e+06
9.961523996447328478e+06
9.961524650573197752e+06
9.961526349328665063e+06
9.961520686350544915e+06
9.961539575689369813e+06
9.961532612161105499e+06
9.961535210410568863e+06
9.961536682525807992e+06
9.961544745596002787e+06
9.961548236475858837e+06
9.961549454293688759e+06
9.961540070391323417e+06
9.961558407432550564e+06
9.961560734598992392e+06
9.961549887457124889e+06
9.961566771435501054e+06
9.961568881369855255e+06
9.961570411780266091e+06
9.961571903145050630e+06
9.961577681577326730e+06
9.961578879021205008e+06
9.961592825220083818e+06
9.961581097310107201e+06
9.961583635278275236e+06
9.961596202106175944e+06
9.961599197881130502e+06
9.961585102371567860e+06
9.961597800507094711e+06
9.961599966631289572e+06
9.961610294161992148e+06
9.961613242109483108e+06
9.961597729602940381e+06
9.961608036266755313e+06
9.961609749319769442e+06
9.961619001797035336e+06
9.961621897294837981e+06
9.961623549016637728e+06
9.961631519296322018e+06
9.961632902225971222e+06
9.961639618772957474e+06
9.961622173819400370e+06
9.961627581691114232e+06
9.961631069081794471e+06
9.961633053175223991e+06
9.961638366287501529e+06
9.961640021303351969e+06
9.961643988311911002e+06
9.961645294535510242e+06
9.961647878875965253e+06
9.961648825208900496e+06
9.961649997986031696e+06
9.961653491062834859e+06
9.961655181365590543e+06
9.961674569539956748e+06
9.961675884804055095e+06
9.961675268792619929e+06
9.961676213145095855e+06
9.961674122502574697e+06
9.961673986366182566e+06
9.961675217082414776e+06
9.961672569382397458e+06
9.961673541496727616e+06
9.961686830170318484e+06
9.961687554592726752e+06
9.961681062497127801e+06
9.961683369180100039e+06
9.961684148946173489e+06
9.961693975178807974e+06
9.961694652754403651e+06
9.961695091900248080e+06
9.961687412918098271e+06
9.961704034360418096e+06
9.961695156542755663e+06
9.961696529542427510e+06
9.961696730592967942e+06
9.961700425395026803e+06
9.961701265028905123e+06
9.961701130308154970e+06
9.961702279933061451e+06
9.961702549889186397e+06
9.961702086394384503e+06
9.961714605114169419e+06
9.961700374643623829e+06
9.961699613822009414e+06
9.961710681549936533e+06
9.961694825487095863e+06
9.961704943180534989e+06
9.961705193683587015e+06
9.961704109733538702e+06
9.961712754519809037e+06
9.961695245781008154e+06
9.961702564354635775e+06
9.961702576293556020e+06
9.961701102447394282e+06
9.961707185689952224e+06
9.960614970942568034e+06
9.960618811692111194e+06
9.960615863844450563e+06
9.960618251896541566e+06
9.960617088514979929e+06
9.960614508233044297e+06
9.960616031097311527e+06
9.960612958736486733e+06
9.960612972955284640e+06
9.960609423294704407e+06
9.960589396617889404e+06
9.960585404845597222e+06
9.960582433853138238e+06
9.960580486428566277e+06
9.960577102226063609e+06
9.960573690201105550e+06
9.960569928806586191e+06
9.960565078216526657e+06
9.960560986250093207e+06
9.960554731573473662e+06
9.960568877970032394e+06
9.960565427913537249e+06
9.960558717806370929e+06
9.960555019603032619e+06
9.960546959355121478e+06
9.960543058309245855e+06
9.960533695613930002e+06
9.960528463992726058e+06
9.960524169518603012e+06
9.960513469620479271e+06
9.960509167587881908e+06
9.960514626561647281e+06
9.960510348588295281e+06
9.960497366186890751e+06
9.960493386900080368e+06
9.960488671268913895e+06
9.960474246553227305e+06
9.960485887295223773e+06
9.960482138167247176e+06
9.960466048947131261e+06
9.960461128453725949e+06
9.960459233035281301e+06
9.960455879510346800e+06
9.960452073136715218e+06
9.960433611983686686e+06
9.960429804103754461e+06
9.960439534558508545e+06
9.960421135198771954e+06
9.960416863416830078e+06
9.960425171186797321e+06
9.960421432094803080e+06
9.960400664401438087e+06
9.960396013050030917e+06
9.960403651966726407e+06
9.960383088317234069e+06
9.960378848357753828e+06
9.960385226381171495e+06
9.960381716208215803e+06
9.960358869780702516e+06
9.960364556348893791e+06
9.960360976335473359e+06
9.960356463902059942e+06
9.960341403517933562e+06
9.960338199436204508e+06
9.960333762240387499e+06
9.960337214388266206e+06
9.960333966573430225e+06
9.960309059097886086e+06
9.960311753648027778e+06
9.960308616449583322e+06
9.960304617074094713e+06
9.960306368244707584e+06
9.960302043268788606e+06
9.960276394627112895e+06
9.960277393013700843e+06
9.960273364353500307e+06
9.960269981641151011e+06
9.960270210872579366e+06
9.960266536420391873e+06
9.960265457476865500e+06
9.960262844979770482e+06
9.960236323198463768e+06
9.960234482108497992e+06
9.960230815850786865e+06
9.960227699600856751e+06
9.960225134583456442e+06
9.960221787888029590e+06
9.960217967306386679e+06
9.960215727054085582e+06
9.960212724006293342e+06
9.960208216491980478e+06
9.960205027916807681e+06
9.960199298557456583e+06
9.960197196620535105e+06
9.960194384596375749e+06
9.960187989654576406e+06
9.960186240074237809e+06
9.960183808535551652e+06
9.960176746229715645e+06
9.960174187817804515e+06
9.960172050127493218e+06
9.960164230482092127e+06
9.960161981011211872e+06
9.960152990944754332e+06
9.960174690058376640e+06
9.960172811606625095e+06
9.960163096772570163e+06
9.960162117137741297e+06
9.960160590647278354e+06
9.960149653790129349e+06
9.960147524461362511e+06
9.960145860232440755e+06
9.960134281329397112e+06
9.960154340353799984e+06
9.960153082660891116e+06
9.960140779987819493e+06
9.960139493459995836e+06
9.960138007006704807e+06
9.960124446973999962e+06
9.960122993807528168e+06
9.960142491014903411e+06
9.960128232551153749e+06
9.960127422576112673e+06
9.960126203987168148e+06
9.960109685848664492e+06
9.960128662594057620e+06
9.960127947121946141e+06
9.960126938788535073e+06
9.960110533082427457e+06
9.960109646406995133e+06
9.960127314850205556e+06
9.960110248039681464e+06
9.960109876240981743e+06
9.960109205634180456e+06
9.960125942543083802e+06
9.960107946904886514e+06
9.960107761634180322e+06
9.960107316506380215e+06
9.960123134404821321e+06
9.960104197352282703e+06
9.960104199340270832e+06
9.960118706566136330e+06
9.960118889203656465e+06
9.960118656946914271e+06
9.960098389030767605e+06
9.960112641536276788e+06
9.960113082185007632e+06
9.960113093368856236e+06
9.960126003054888919e+06
9.960105094357481226e+06
9.960105427586158738e+06
9.960117091131830588e+06
9.960117717807808891e+06
9.960117862206026912e+06
9.960095546264382079e+06
9.960106885336102918e+06
9.960107375491203740e+06
9.960108328810861334e+06
9.960118515687208623e+06
9.960118892445188016e+06
9.960127944738050923e+06
9.960129165104325861e+06
9.960105685518888757e+06
9.960113990738788620e+06
9.960115558230675757e+06
9.960116553163142875e+06
9.960124174858642742e+06
9.960126114938385785e+06
9.960127090834833682e+06
9.960133607154266909e+06
9.960134411542944610e+06
9.960135645640911534e+06
9.960141407965127379e+06
9.960142464080668986e+06
9.960143962312363088e+06
9.960148975235978141e+06
9.960150287536194548e+06
9.960154098855413496e+06
9.960156314410759136e+06
9.960155838209554553e+06
9.960158889279907569e+06
9.960160253294713795e+06
9.960162076194750145e+06
9.960164357727345079e+06
9.960165964336061850e+06
9.960167004195986316e+06
9.960169524026937783e+06
9.960171360950900242e+06
9.960171601623238996e+06
9.960173203707583249e+06
9.960175336314383894e+06
9.960174927278941497e+06
9.960176831959955394e+06
9.960179250885711983e+06
9.960178086210871115e+06
9.960204491775646806e+06
9.960202025492563844e+06
9.960205197430361062e+06
9.960207625315034762e+06
9.960204263768518344e+06
9.960207643246525899e+06
9.960210218637473881e+06
9.960229104688303545e+06
9.960232747047778219e+06
9.960235602738104761e+06
9.960230466979308054e+06
9.960232808184783906e+06
9.960235697710698470e+06
9.960251584075566381e+06
9.960254246265338734e+06
9.960257032166240737e+06
9.960249993572602049e+06
9.960274571448711678e+06
9.960277732783207670e+06
9.960269450899645686e+06
9.960273315824449062e+06
9.960295811248702928e+06
9.960299441423935816e+06
9.960290456017870456e+06
9.960293307147366926e+06
9.960315033176386729e+06
9.960305333305260167e+06
9.960309293066190556e+06
9.960312486852306873e+06
9.960333416499627754e+06
9.960322149130092934e+06
9.960326432023331523e+06
9.960345966344043612e+06
9.960349183004202321e+06
9.960337091291328892e+06
9.960356532756039873e+06
9.960359384679682553e+06
9.960362904588602483e+06
9.960380865949394181e+06
9.960367399006078020e+06
9.960371853093376383e+06
9.960388364919848740e+06
9.960391642705440521e+06
9.960407212538799271e+06
9.960393540690207854e+06
9.960397587519984692e+06
9.960412900384508073e+06
9.960415838867157698e+06
9.960428913233013824e+06
9.960433272845160216e+06
9.960436831013569608e+06
9.960432014702912420e+06
9.960435426685530692e+06
9.960446957753175870e+06
9.960452020455176011e+06
9.960456108906002715e+06
9.960467322004707530e+06
9.960470385996799916e+06
9.960479403833338991e+06
9.960482159116797149e+06
9.960489853764077649e+06
9.960494172600446269e+06
9.960497378286672756e+06
9.960504503205064684e+06
9.960507339111944661e+06
9.960513067053869367e+06
9.960515505294952542e+06
9.960519800295680761e+06
9.960523880975015461e+06
9.960526723892331123e+06
9.960530725940968841e+06
